[gd_scene load_steps=38 format=2]

[ext_resource path="res://scripts/vehicles/missilodon.gd" type="Script" id=1]
[ext_resource path="res://scripts/world/shadow_setter.gd" type="Script" id=2]
[ext_resource path="res://scenes/cameras_&_ui/follow_camera.tscn" type="PackedScene" id=3]
[ext_resource path="res://resources/animations/vehicles/missilodon/death.anim" type="Animation" id=4]
[ext_resource path="res://scenes/particles/death_smoke_cpu.tscn" type="PackedScene" id=5]
[ext_resource path="res://scenes/particles/death_smoke.tscn" type="PackedScene" id=6]
[ext_resource path="res://resources/materials/vehicles/wheels_standard/front/missilodon.material" type="Material" id=7]
[ext_resource path="res://scenes/particles/drift_smoke_cpu.tscn" type="PackedScene" id=8]
[ext_resource path="res://resources/sounds/destruction/explosion_large_06.wav" type="AudioStream" id=9]
[ext_resource path="res://scenes/particles/drift_smoke.tscn" type="PackedScene" id=10]
[ext_resource path="res://resources/sounds/vehicles/sci-fi_vehicle_spaceship_jet_engine_loop3.wav" type="AudioStream" id=11]
[ext_resource path="res://resources/sounds/vehicles/tyre_skid_loop_01.wav" type="AudioStream" id=12]
[ext_resource path="res://resources/sounds/vehicles/engine_generator_loop_01.wav" type="AudioStream" id=13]
[ext_resource path="res://scenes/particles/death_explosion.tscn" type="PackedScene" id=14]
[ext_resource path="res://scenes/particles/rocket_flame.tscn" type="PackedScene" id=15]
[ext_resource path="res://scripts/vehicles/wheel_mesh.gd" type="Script" id=16]
[ext_resource path="res://resources/materials/vehicles/missilodon/stock.material" type="Material" id=17]
[ext_resource path="res://scripts/vehicles/body_mesh.gd" type="Script" id=18]
[ext_resource path="res://resources/meshes/vehicles/missilodon_teeth.tres" type="ArrayMesh" id=19]
[ext_resource path="res://scenes/particles/acid.tscn" type="PackedScene" id=20]
[ext_resource path="res://resources/fonts/PixeloidMono.ttf" type="DynamicFontData" id=21]
[ext_resource path="res://scripts/cameras_&_ui/score_label.gd" type="Script" id=22]
[ext_resource path="res://scenes/particles/acid_cpu.tscn" type="PackedScene" id=23]
[ext_resource path="res://resources/meshes/vehicles/wheel_monster.tres" type="ArrayMesh" id=24]
[ext_resource path="res://scenes/particles/rocket_flame_cpu.tscn" type="PackedScene" id=25]
[ext_resource path="res://scenes/particles/death_explosion_cpu.tscn" type="PackedScene" id=26]
[ext_resource path="res://resources/materials/vehicles/wheels_standard/back/missilodon.material" type="Material" id=27]
[ext_resource path="res://resources/meshes/vehicles/missilodon.tres" type="ArrayMesh" id=28]
[ext_resource path="res://resources/materials/vehicles/simple_part_cull_disabled/stock.material" type="Material" id=29]
[ext_resource path="res://resources/animations/vehicles/missilodon/RESET.anim" type="Animation" id=30]
[ext_resource path="res://scripts/weapon_compontents/gun.gd" type="Script" id=31]
[ext_resource path="res://resources/custom/vehicle_values/missilodon/missile.tres" type="Resource" id=32]
[ext_resource path="res://scenes/particles/missile_launch_smoke.tscn" type="PackedScene" id=33]
[ext_resource path="res://scenes/particles/missile_launch_smoke_cpu.tscn" type="PackedScene" id=34]

[sub_resource type="PhysicsMaterial" id=1]
friction = 0.5

[sub_resource type="ConvexPolygonShape" id=6]
points = PoolVector3Array( 0, 1.537, 2.673, 0.806, 1.537, 2.509, -0.806, 1.537, 2.509, 0.658, 2.506, 1.013, -0.658, 2.506, 1.013, 0.837, 2.467, 0.11, -0.837, 2.467, 0.11, 1.157, 1.309, -0.985, -1.157, 1.309, -0.985, 0.658, 2.615, -1.053, -0.658, 2.615, -1.053, 0.272, 2.145, -2.659, -0.272, 2.145, -2.659, 1.157, 1.731, -2.217, -1.157, 1.731, -2.217, 0.272, 1.283, -2.659, -0.272, 1.283, -2.659, 0.646, 0.496, -2.15, -0.646, 0.496, -2.15, 0.725, 0.3, 0.742, -0.725, 0.3, 0.742, 0.646, 0.607, 1.913, -0.646, 0.607, 1.913 )

[sub_resource type="DynamicFont" id=19]
size = 9
font_data = ExtResource( 21 )

[node name="RootSpatial" type="Spatial"]
_import_path = NodePath(".")
__meta__ = {
"__editor_plugin_screen__": "3D"
}

[node name="Body" type="VehicleBody" parent="." groups=["combat_vehicle"]]
transform = Transform( 1, 0, 0, 0, 1, 0, 0, 0, 1, 0, 0.181792, 0 )
collision_mask = 3
mass = 330.612
physics_material_override = SubResource( 1 )
script = ExtResource( 1 )
base_health = 124.0
base_engine_force = 907.2
base_boost_type = 1
nitro_force = 0.0
rocket_force = 236.52
burst_force = 0.0
overcharge_force = 0.0
scene_resource = "res://scenes/vehicles/missilodon.tscn"

[node name="WheelFrontLeft" type="VehicleWheel" parent="Body"]
transform = Transform( 1, 0, 0, 0, 1, 0, 0, 0, 1, 1.17004, 0.642758, 1.7332 )
use_as_traction = true
use_as_steering = true
wheel_roll_influence = 0.4
wheel_radius = 0.822
wheel_friction_slip = 2.0
suspension_stiffness = 40.0
damping_compression = 0.88

[node name="WheelFrontRight" type="VehicleWheel" parent="Body"]
transform = Transform( 1, 0, 0, 0, 1, 0, 0, 0, 1, -1.17, 0.642758, 1.7332 )
use_as_traction = true
use_as_steering = true
wheel_roll_influence = 0.4
wheel_radius = 0.822
wheel_friction_slip = 2.0
suspension_stiffness = 40.0
damping_compression = 0.88

[node name="WheelBackLeft" type="VehicleWheel" parent="Body"]
transform = Transform( 1, 0, 0, 0, 1, 0, 0, 0, 1, 1.17043, 0.642735, -1.85549 )
use_as_traction = true
wheel_roll_influence = 0.4
wheel_radius = 0.822
wheel_friction_slip = 2.0
suspension_stiffness = 40.0
damping_compression = 0.88

[node name="WheelBackRight" type="VehicleWheel" parent="Body"]
transform = Transform( 1, 0, 0, 0, 1, 0, 0, 0, 1, -1.17, 0.642758, -1.85549 )
use_as_traction = true
wheel_roll_influence = 0.4
wheel_radius = 0.822
wheel_friction_slip = 2.0
suspension_stiffness = 40.0
damping_compression = 0.88

[node name="CollisionShape" type="CollisionShape" parent="Body"]
shape = SubResource( 6 )

[node name="CameraBase" parent="Body" instance=ExtResource( 3 )]
transform = Transform( 1, 0, 0, 0, 1, 0, 0, 0, 1, 0, 2.66787, 0.9 )

[node name="BodyMesh" type="MeshInstance" parent="Body"]
physics_interpolation_mode = 1
portal_mode = 3
mesh = ExtResource( 28 )
material/0 = ExtResource( 17 )
script = ExtResource( 18 )
required_setting = 1

[node name="WheelFrontLeft" type="MeshInstance" parent="Body/BodyMesh"]
transform = Transform( 1, 0, 8.74228e-08, 0, -1, 0, -8.74228e-08, 0, 1, 1.17004, 0.642758, 1.7332 )
portal_mode = 3
mesh = ExtResource( 24 )
skeleton = NodePath("../../WheelFrontLeft")
material/0 = ExtResource( 7 )
script = ExtResource( 16 )
required_setting = 3
mirror = true

[node name="WheelFrontRight" type="MeshInstance" parent="Body/BodyMesh"]
transform = Transform( -1, 0, -8.74228e-08, 0, 1, 0, 8.74228e-08, 0, -1, -1.17, 0.642758, 1.7332 )
portal_mode = 3
mesh = ExtResource( 24 )
skeleton = NodePath("../../WheelFrontRight")
material/0 = ExtResource( 7 )
script = ExtResource( 16 )
required_setting = 3

[node name="WheelBackLeft" type="MeshInstance" parent="Body/BodyMesh"]
transform = Transform( 1, 0, 8.74228e-08, 0, -1, 0, -8.74228e-08, 0, 1, 1.17043, 0.642735, -1.85549 )
portal_mode = 3
mesh = ExtResource( 24 )
skeleton = NodePath("../../WheelBackLeft")
material/0 = ExtResource( 27 )
script = ExtResource( 16 )
required_setting = 3
mirror = true

[node name="WheelBackRight" type="MeshInstance" parent="Body/BodyMesh"]
transform = Transform( -1, 0, -8.74228e-08, 0, 1, 0, 8.74228e-08, 0, -1, -1.17, 0.642758, -1.85549 )
portal_mode = 3
mesh = ExtResource( 24 )
skeleton = NodePath("../../WheelBackRight")
material/0 = ExtResource( 27 )
script = ExtResource( 16 )
required_setting = 3

[node name="Teeth" type="MeshInstance" parent="Body"]
portal_mode = 3
cast_shadow = 2
mesh = ExtResource( 19 )
skeleton = NodePath("../BodyMesh")
material/0 = ExtResource( 29 )
script = ExtResource( 2 )
required_setting = 4

[node name="ScoreLabel" type="Label3D" parent="Body"]
transform = Transform( 1, 0, 0, 0, 1, 0, 0, 0, 1, 0, 3.2, 0 )
portal_mode = 3
pixel_size = 0.003
billboard = 1
double_sided = false
fixed_size = true
font = SubResource( 19 )
script = ExtResource( 22 )
height = 3.2

[node name="Launcher" type="Spatial" parent="Body"]
transform = Transform( -1, 1.51808e-08, 8.60946e-08, 0, 0.984808, -0.173648, -8.74228e-08, -0.173648, -0.984808, 0, 2.52846, 0.801688 )
script = ExtResource( 31 )
projectile_values = ExtResource( 32 )
cooldown_timer = NodePath("Timer")

[node name="Timer" type="Timer" parent="Body/Launcher"]
process_mode = 0
wait_time = 0.25
one_shot = true

[node name="Target" type="Position3D" parent="Body/Launcher"]
transform = Transform( 1, 0, 0, 0, 1, 0, 0, 0, 1, 0, 0, -50 )

[node name="ParticlesRoot" type="Spatial" parent="Body/Launcher"]
transform = Transform( -1, 1.95399e-14, -8.74227e-08, 1.51808e-08, 0.984808, -0.173648, 8.60946e-08, -0.173648, -0.984808, 7.00857e-08, -2.35084, 1.22857 )

[node name="Set0" type="Spatial" parent="Body/Launcher/ParticlesRoot"]

[node name="Left" parent="Body/Launcher/ParticlesRoot/Set0" instance=ExtResource( 33 )]
transform = Transform( -0.691941, -1.07579e-08, 0.721954, -0.164086, 0.973829, -0.157265, -0.70306, -0.22728, -0.673833, 0.920567, 2.07557, 0.131365 )

[node name="Right" parent="Body/Launcher/ParticlesRoot/Set0" instance=ExtResource( 33 )]
transform = Transform( -0.653732, -0.226736, -0.72196, -0.164082, 0.973831, -0.157262, 0.738723, 0.0156533, -0.673827, -0.921, 2.076, 0.131 )

[node name="LeftCPU" parent="Body/Launcher/ParticlesRoot/Set0" instance=ExtResource( 34 )]
transform = Transform( -0.691941, -1.07579e-08, 0.721954, -0.164086, 0.973829, -0.157265, -0.70306, -0.22728, -0.673833, 0.920567, 2.07557, 0.131365 )

[node name="RightCPU" parent="Body/Launcher/ParticlesRoot/Set0" instance=ExtResource( 34 )]
transform = Transform( -0.653732, -0.226736, -0.72196, -0.164082, 0.973831, -0.157262, 0.738723, 0.0156533, -0.673827, -0.921, 2.076, 0.131 )

[node name="Set1" type="Spatial" parent="Body/Launcher/ParticlesRoot"]

[node name="Left" parent="Body/Launcher/ParticlesRoot/Set1" instance=ExtResource( 33 )]
transform = Transform( -0.691941, -1.07579e-08, 0.721954, -0.164086, 0.973829, -0.157265, -0.70306, -0.22728, -0.673833, 0.920567, 2.07557, 0.131365 )

[node name="Right" parent="Body/Launcher/ParticlesRoot/Set1" instance=ExtResource( 33 )]
transform = Transform( -0.653732, -0.226736, -0.72196, -0.164082, 0.973831, -0.157262, 0.738723, 0.0156533, -0.673827, -0.921, 2.076, 0.131 )

[node name="LeftCPU" parent="Body/Launcher/ParticlesRoot/Set1" instance=ExtResource( 34 )]
transform = Transform( -0.691941, -1.07579e-08, 0.721954, -0.164086, 0.973829, -0.157265, -0.70306, -0.22728, -0.673833, 0.920567, 2.07557, 0.131365 )

[node name="RightCPU" parent="Body/Launcher/ParticlesRoot/Set1" instance=ExtResource( 34 )]
transform = Transform( -0.653732, -0.226736, -0.72196, -0.164082, 0.973831, -0.157262, 0.738723, 0.0156533, -0.673827, -0.921, 2.076, 0.131 )

[node name="Set2" type="Spatial" parent="Body/Launcher/ParticlesRoot"]

[node name="Left" parent="Body/Launcher/ParticlesRoot/Set2" instance=ExtResource( 33 )]
transform = Transform( -0.691941, -1.07579e-08, 0.721954, -0.164086, 0.973829, -0.157265, -0.70306, -0.22728, -0.673833, 0.920567, 2.07557, 0.131365 )

[node name="Right" parent="Body/Launcher/ParticlesRoot/Set2" instance=ExtResource( 33 )]
transform = Transform( -0.653732, -0.226736, -0.72196, -0.164082, 0.973831, -0.157262, 0.738723, 0.0156533, -0.673827, -0.921, 2.076, 0.131 )

[node name="LeftCPU" parent="Body/Launcher/ParticlesRoot/Set2" instance=ExtResource( 34 )]
transform = Transform( -0.691941, -1.07579e-08, 0.721954, -0.164086, 0.973829, -0.157265, -0.70306, -0.22728, -0.673833, 0.920567, 2.07557, 0.131365 )

[node name="RightCPU" parent="Body/Launcher/ParticlesRoot/Set2" instance=ExtResource( 34 )]
transform = Transform( -0.653732, -0.226736, -0.72196, -0.164082, 0.973831, -0.157262, 0.738723, 0.0156533, -0.673827, -0.921, 2.076, 0.131 )

[node name="ExplosionParticles" parent="Body" instance=ExtResource( 14 )]
transform = Transform( 1.3, 0, 0, 0, 1.3, 0, 0, 0, 1.3, 0, 1.49544, 0 )

[node name="ExplosionCPUParticles" parent="Body" instance=ExtResource( 26 )]
transform = Transform( 1.3, 0, 0, 0, 1.3, 0, 0, 0, 1.3, 0, 1.49544, 0 )

[node name="DeathParticles" parent="Body" instance=ExtResource( 6 )]
transform = Transform( 1, 0, 0, 0, 1, 0, 0, 0, 1, 0, 1.63074, 1.58121 )

[node name="DeathCPUParticles" parent="Body" instance=ExtResource( 5 )]
transform = Transform( 1, 0, 0, 0, 1, 0, 0, 0, 1, 0, 1.63074, 1.58121 )

[node name="DriftParticles" type="Spatial" parent="Body"]

[node name="Left" parent="Body/DriftParticles" instance=ExtResource( 10 )]
transform = Transform( 1, 0, 0, 0, 1, 0, 0, 0, 1, 1.17, 0.161, -1.855 )

[node name="Right" parent="Body/DriftParticles" instance=ExtResource( 10 )]
transform = Transform( 1, 0, 0, 0, 1, 0, 0, 0, 1, -1.17, 0.161, -1.855 )

[node name="DriftCPUParticles" type="Spatial" parent="Body"]

[node name="Left" parent="Body/DriftCPUParticles" instance=ExtResource( 8 )]
transform = Transform( 1, 0, 0, 0, 1, 0, 0, 0, 1, 1.17, 0.161, -1.855 )

[node name="Right" parent="Body/DriftCPUParticles" instance=ExtResource( 8 )]
transform = Transform( 1, 0, 0, 0, 1, 0, 0, 0, 1, -1.17, 0.161, -1.855 )

[node name="RocketParticles" type="Spatial" parent="Body"]

[node name="Particles" parent="Body/RocketParticles" instance=ExtResource( 15 )]
transform = Transform( -1, 0, -8.74228e-08, 0, 1, 0, 8.74228e-08, 0, -1, 2.38419e-07, 1.71324, -2.7508 )

[node name="RocketCPUParticles" type="Spatial" parent="Body"]

[node name="CPUParticles" parent="Body/RocketCPUParticles" instance=ExtResource( 25 )]
transform = Transform( -1, 0, -8.74228e-08, 0, 1, 0, 8.74228e-08, 0, -1, 2.38419e-07, 1.71324, -2.7508 )

[node name="ReverseRocketParticles" type="Spatial" parent="Body"]

[node name="Left" parent="Body/ReverseRocketParticles" instance=ExtResource( 15 )]
transform = Transform( 0.392861, 0, 0.188084, 0, 0.4, 0, -0.0752337, 0, 0.982153, 0.932307, 1.93619, 1.53382 )

[node name="Right" parent="Body/ReverseRocketParticles" instance=ExtResource( 15 )]
transform = Transform( 0.392861, 0, -0.188084, 0, 0.4, 0, 0.0752337, 0, 0.982153, -0.932, 1.936, 1.534 )

[node name="ReverseRocketCPUParticles" type="Spatial" parent="Body"]

[node name="Left" parent="Body/ReverseRocketCPUParticles" instance=ExtResource( 25 )]
transform = Transform( 0.392861, 0, 0.188084, 0, 0.4, 0, -0.0752337, 0, 0.982153, 0.932307, 1.93619, 1.53382 )

[node name="Right" parent="Body/ReverseRocketCPUParticles" instance=ExtResource( 25 )]
transform = Transform( 0.392861, 0, -0.188084, 0, 0.4, 0, 0.0752337, 0, 0.982153, -0.932, 1.936, 1.534 )

[node name="AcidParticles" type="Spatial" parent="Body"]
transform = Transform( 1, 0, 0, 0, 1, 0, 0, 0, 1, 0, 2.00895, -0.176277 )

[node name="Particles" parent="Body/AcidParticles" instance=ExtResource( 20 )]

[node name="AcidCPUParticles" type="Spatial" parent="Body"]
transform = Transform( 1, 0, 0, 0, 1, 0, 0, 0, 1, 0, 2.00895, -0.176277 )

[node name="CPUParticles" parent="Body/AcidCPUParticles" instance=ExtResource( 23 )]

[node name="DeathAudio" type="AudioStreamPlayer3D" parent="Body"]
transform = Transform( 1, 0, 0, 0, 1, 0, 0, 0, 1, 0, 1.51649, 0 )
stream = ExtResource( 9 )
unit_size = 4.0
bus = "Effects"

[node name="LoopingAudio" type="Spatial" parent="Body"]

[node name="EngineAudio" type="AudioStreamPlayer3D" parent="Body/LoopingAudio"]
transform = Transform( 1, 0, 0, 0, 1, 0, 0, 0, 1, 0, 1.58622, 1.80683 )
stream = ExtResource( 13 )
unit_size = 0.1
autoplay = true
bus = "Effects"

[node name="DriftAudio" type="AudioStreamPlayer3D" parent="Body/LoopingAudio"]
stream = ExtResource( 12 )
unit_size = 0.4
autoplay = true
stream_paused = true
bus = "Effects"

[node name="RocketAudio" type="AudioStreamPlayer3D" parent="Body/LoopingAudio"]
transform = Transform( 1, 0, 0, 0, 1, 0, 0, 0, 1, 2.38419e-07, 1.71324, -2.7508 )
stream = ExtResource( 11 )
unit_size = 0.7
autoplay = true
stream_paused = true
bus = "Effects"

[node name="ReverseRocketAudio" type="AudioStreamPlayer3D" parent="Body/LoopingAudio"]
transform = Transform( 1, 0, 0, 0, 1, 0, 0, 0, 1, 0, 1.93619, 1.53382 )
stream = ExtResource( 11 )
unit_size = 0.7
autoplay = true
stream_paused = true
bus = "Effects"

[node name="DeathAnimation" type="AnimationPlayer" parent="."]
anims/RESET = ExtResource( 30 )
anims/death = ExtResource( 4 )

[node name="RespawnTimer" type="Timer" parent="."]
process_mode = 0
wait_time = 3.0
one_shot = true

[node name="StuckTimer" type="Timer" parent="."]
process_mode = 0
wait_time = 30.0

[connection signal="timeout" from="RespawnTimer" to="Body" method="_on_RespawnTimer_timeout"]
[connection signal="timeout" from="StuckTimer" to="Body" method="_on_StuckTimer_timeout"]
